0,0 0,0 0,0 0,0 0,0 0,0 0,0 0,0 0,0 0,0 0,0 0,0 0,0 0,0 0,0 0,0 0,0 0,0 0,0 0,0 0,0 0,0 0,0 0,0 0,0 0,0 0,0 0,0 0,0 0,0 0,0 0,0 
0,0 0,0 0,0 0,0 0,0 0,0 0,0 0,0 0,0 0,0 0,0 0,0 0,0 0,0 0,0 0,0 0,0 0,0 0,0 0,0 0,0 0,0 0,0 0,0 0,0 0,0 0,0 0,0 0,0 0,0 0,0 0,0 
0,0 0,0 0,0 0,0 3,2 3,2 3,2 3,2 3,2 3,2 3,2 3,2 3,2 3,2 3,2 3,2 3,2 3,2 3,2 3,2 3,2 3,2 3,2 3,2 3,2 3,2 3,2 0,0 0,0 0,0 0,0 0,0 
0,0 0,0 0,0 0,0 3,2 3,3 3,3 3,3 5,4 6,4 3,3 3,3 3,3 3,3 3,3 3,3 4,1 3,3 3,3 10,4 11,4 3,3 3,3 3,3 3,4 4,4 3,2 3,2 0,0 0,0 0,0 0,0 
0,0 0,0 0,0 0,0 3,2 7,2 x,x x,x 5,5 6,5 x,x x,x x,x 21,1 x,x x,x x,x x,x x,x 10,5 11,5 x,x x,x x,x 3,5 4,5 3,3 3,2 0,0 0,0 0,0 0,0 
0,0 0,0 0,0 0,0 3,2 x,x x,x x,x x,x x,x x,x x,x x,x 21,1 x,x x,x x,x x,x x,x x,x x,x x,x x,x x,x x,x x,x x,x 3,2 0,0 0,0 0,0 0,0 
0,0 0,0 0,0 0,0 3,2 x,x x,x x,x x,x 12,3 12,3 12,3 22,1 22,1 12,3 12,3 12,3 12,3 12,3 12,3 12,3 12,3 12,3 x,x 12,3 x,x x,x 3,2 0,0 0,0 0,0 0,0 
0,0 0,0 0,0 0,0 3,2 x,x x,x 18,1 x,x 12,3 x,x x,x x,x x,x 12,3 13,3 13,3 12,3 13,3 13,3 12,3 x,x 12,3 x,x 12,3 x,x x,x 3,2 0,0 0,0 0,0 0,0 
0,0 0,0 0,0 0,0 3,2 3,1 x,x x,x x,x 12,3 x,x 4,3 4,3 x,x x,x x,x x,x x,x x,x x,x x,x x,x x,x x,x 12,3 x,x x,x 3,2 0,0 0,0 0,0 0,0 
0,0 0,0 0,0 0,0 3,2 x,x x,x x,x x,x 12,3 x,x x,x x,x 12,3 14,1 22,1 14,1 12,3 x,x 5,2 5,2 12,3 12,3 12,3 12,3 x,x x,x 3,2 0,0 0,0 0,0 0,0 
0,0 0,0 0,0 0,0 3,2 x,x x,x x,x x,x 12,3 12,3 12,3 x,x 12,3 x,x 14,1 22,1 12,3 x,x 5,2 5,2 x,x x,x x,x 12,3 x,x x,x 3,2 0,0 0,0 0,0 0,0 
0,0 0,0 0,0 0,0 3,2 x,x x,x x,x x,x 21,1 21,1 x,x x,x 12,3 x,x x,x x,x 12,3 x,x x,x 12,3 17,1 x,x x,x 12,3 7,3 8,3 3,2 0,0 0,0 0,0 0,0 
0,0 0,0 0,0 0,0 3,2 x,x x,x x,x x,x 21,1 21,1 x,x x,x x,x x,x x,x x,x x,x 12,3 x,x 12,3 x,x 12,3 x,x 12,3 x,x x,x 3,2 0,0 0,0 0,0 0,0 
0,0 0,0 0,0 0,0 3,2 12,2 x,x x,x x,x 12,3 12,3 12,3 12,3 12,3 12,3 12,3 12,3 x,x 22,1 x,x 12,3 x,x 12,3 x,x 12,3 5,2 5,2 3,2 0,0 0,0 0,0 0,0 
0,0 0,0 0,0 0,0 3,2 13,2 x,x x,x x,x 12,3 x,x x,x x,x x,x x,x x,x x,x x,x 22,1 x,x x,x 14,1 12,3 x,x x,x 5,2 5,2 3,2 0,0 0,0 0,0 0,0 
0,0 0,0 0,0 0,0 3,2 x,x x,x x,x x,x 12,3 x,x 14,1 x,x 12,3 12,3 12,3 12,3 12,3 12,3 12,3 12,3 12,3 12,3 x,x 12,3 5,2 5,2 3,2 0,0 0,0 0,0 0,0 
0,0 0,0 0,0 0,0 3,2 2,2 2,2 2,2 x,x 12,3 x,x x,x x,x x,x x,x x,x x,x x,x x,x x,x x,x x,x x,x x,x 12,3 x,x 7,2 3,2 0,0 0,0 0,0 0,0 
0,0 0,0 0,0 0,0 3,2 2,2 2,2 2,2 7,1 10,2 5,2 5,2 13,3 12,3 12,3 x,x 4,3 4,3 4,3 4,3 x,x 13,3 12,3 12,3 12,3 7,2 3,2 3,2 0,0 0,0 0,0 0,0 
0,0 0,0 0,0 0,0 3,2 3,2 3,2 3,2 3,2 3,2 3,2 3,2 3,2 3,2 3,2 3,2 3,2 3,2 3,2 3,2 3,2 3,2 3,2 3,2 3,2 3,2 3,2 3,3 0,0 0,0 0,0 0,0 
0,0 0,0 0,0 0,0 3,3 3,3 3,3 3,3 3,3 3,3 3,3 3,3 3,3 3,3 3,3 3,3 3,3 3,3 3,3 3,3 3,3 3,3 3,3 3,3 3,3 3,3 3,3 0,0 0,0 0,0 0,0 0,0 
0,0 0,0 0,0 0,0 0,0 0,0 0,0 0,0 0,0 0,0 0,0 0,0 0,0 0,0 0,0 0,0 0,0 0,0 0,0 0,0 0,0 0,0 0,0 0,0 0,0 0,0 0,0 0,0 0,0 0,0 0,0 0,0 
0,0 0,0 0,0 0,0 0,0 0,0 0,0 0,0 0,0 0,0 0,0 0,0 0,0 0,0 0,0 0,0 0,0 0,0 0,0 0,0 0,0 0,0 0,0 0,0 0,0 0,0 0,0 0,0 0,0 0,0 0,0 0,0 
0,0 0,0 0,0 0,0 0,0 0,0 0,0 0,0 0,0 0,0 0,0 0,0 0,0 0,0 0,0 0,0 0,0 0,0 0,0 0,0 0,0 0,0 0,0 0,0 0,0 0,0 0,0 0,0 0,0 0,0 0,0 0,0 
0,0 0,0 0,0 0,0 0,0 0,0 0,0 0,0 0,0 0,0 0,0 0,0 0,0 0,0 0,0 0,0 0,0 0,0 0,0 0,0 0,0 0,0 0,0 0,0 0,0 0,0 0,0 0,0 0,0 0,0 0,0 0,0 