0,0 0,0 0,0 0,0 0,0 0,0 0,0 0,0 0,0 0,0 0,0 0,0 0,0 0,0 0,0 0,0 0,0 0,0 0,0 0,0 0,0 0,0 0,0 0,0 0,0 0,0 0,0 0,0 0,0 0,0 0,0 0,0
0,0 0,0 0,0 0,0 0,0 0,0 0,0 0,0 0,0 0,0 0,0 0,0 0,0 0,0 0,0 0,0 0,0 0,0 0,0 0,0 0,0 0,0 0,0 0,0 0,0 0,0 0,0 0,0 0,0 0,0 0,0 0,0
0,0 0,0 0,0 0,0 0,0 3,2 3,2 3,2 3,2 3,2 3,2 3,2 3,2 3,2 3,2 3,2 3,2 3,2 3,2 3,2 3,2 3,2 3,2 3,2 3,2 3,2 3,2 0,0 0,0 0,0 0,0 0,0
0,0 0,0 0,0 0,0 3,2 3,2 3,3 3,3 3,3 0,4 1,4 2,4 3,3 3,3 3,3 5,1 3,3 3,3 3,3 3,3 0,3 3,3 3,3 3,3 3,3 3,3 3,2 0,0 0,0 0,0 0,0 0,0
0,0 0,0 0,0 0,0 3,2 3,3 x,x 0,1 x,x 0,5 1,5 2,5 x,x x,x x,x x,x x,x x,x x,x x,x x,x 13,4 14,4 x,x x,x x,x 3,2 0,0 0,0 0,0 0,0 0,0
0,0 0,0 0,0 0,0 3,2 x,x x,x x,x x,x x,x x,x x,x x,x x,x x,x x,x x,x x,x x,x x,x x,x 13,5 14,5 x,x x,x x,x 3,2 0,0 0,0 0,0 0,0 0,0
0,0 0,0 0,0 0,0 3,2 x,x x,x x,x x,x x,x x,x x,x x,x x,x x,x x,x x,x x,x x,x x,x x,x x,x x,x x,x x,x x,x 6,1 0,0 0,0 0,0 0,0 0,0
0,0 0,0 0,0 0,0 3,2 10,1 x,x x,x x,x x,x x,x x,x x,x x,x x,x x,x x,x 5,0 x,x x,x x,x x,x x,x x,x x,x x,x 3,2 0,0 0,0 0,0 0,0 0,0
0,0 0,0 0,0 0,0 3,2 x,x x,x x,x x,x x,x x,x x,x x,x x,x x,x 5,0 x,x x,x x,x x,x x,x x,x x,x x,x x,x x,x 3,2 0,0 0,0 0,0 0,0 0,0
0,0 0,0 0,0 0,0 3,2 x,x x,x x,x x,x x,x x,x x,x x,x x,x x,x x,x x,x x,x x,x x,x x,x 5,0 x,x x,x x,x 4,3 3,2 0,0 0,0 0,0 0,0 0,0
0,0 0,0 0,0 0,0 3,2 x,x x,x x,x 6,0 6,0 6,0 6,0 x,x x,x x,x x,x x,x x,x 5,0 x,x x,x x,x x,x x,x x,x x,x 3,2 0,0 0,0 0,0 0,0 0,0
0,0 0,0 0,0 0,0 3,2 x,x x,x x,x 6,0 6,0 6,0 6,0 x,x x,x x,x x,x x,x x,x x,x x,x x,x x,x x,x x,x 8,3 x,x 3,2 0,0 0,0 0,0 0,0 0,0
0,0 0,0 0,0 0,0 3,2 x,x x,x x,x 6,0 x,x 6,0 6,0 x,x x,x x,x x,x x,x x,x x,x x,x x,x x,x x,x x,x x,x x,x 3,2 0,0 0,0 0,0 0,0 0,0
0,0 0,0 0,0 0,0 3,2 x,x x,x x,x 6,0 6,0 6,0 6,0 x,x x,x x,x x,x x,x x,x x,x x,x x,x x,x x,x x,x x,x x,x 3,2 0,0 0,0 0,0 0,0 0,0
0,0 0,0 0,0 0,0 3,2 x,x x,x x,x x,x x,x x,x x,x x,x x,x x,x x,x x,x x,x x,x x,x 5,4 6,4 x,x x,x x,x x,x 3,2 0,0 0,0 0,0 0,0 0,0
0,0 0,0 0,0 0,0 3,2 3,2 x,x x,x x,x x,x x,x x,x x,x x,x x,x x,x x,x x,x x,x x,x 5,5 6,5 x,x x,x x,x x,x 3,2 0,0 0,0 0,0 0,0 0,0
0,0 0,0 0,0 0,0 3,3 3,2 3,2 3,2 3,2 3,2 3,2 3,2 3,2 3,2 3,2 x,x 3,2 3,2 3,2 3,2 3,2 3,2 3,2 3,2 3,2 3,2 3,2 0,0 0,0 0,0 0,0 0,0
0,0 0,0 0,0 0,0 0,0 3,3 3,3 3,3 3,3 3,3 3,3 3,3 3,3 3,3 3,3 4,1 3,3 3,3 3,3 3,3 3,3 3,3 3,3 3,3 3,3 3,3 3,3 0,0 0,0 0,0 0,0 0,0
0,0 0,0 0,0 0,0 0,0 0,0 0,0 0,0 0,0 0,0 0,0 0,0 0,0 0,0 0,0 0,0 0,0 0,0 0,0 0,0 0,0 0,0 0,0 0,0 0,0 0,0 0,0 0,0 0,0 0,0 0,0 0,0
0,0 0,0 0,0 0,0 0,0 0,0 0,0 0,0 0,0 0,0 0,0 0,0 0,0 0,0 0,0 0,0 0,0 0,0 0,0 0,0 0,0 0,0 0,0 0,0 0,0 0,0 0,0 0,0 0,0 0,0 0,0 0,0
0,0 0,0 0,0 0,0 0,0 0,0 0,0 0,0 0,0 0,0 0,0 0,0 0,0 0,0 0,0 0,0 0,0 0,0 0,0 0,0 0,0 0,0 0,0 0,0 0,0 0,0 0,0 0,0 0,0 0,0 0,0 0,0
0,0 0,0 0,0 0,0 0,0 0,0 0,0 0,0 0,0 0,0 0,0 0,0 0,0 0,0 0,0 0,0 0,0 0,0 0,0 0,0 0,0 0,0 0,0 0,0 0,0 0,0 0,0 0,0 0,0 0,0 0,0 0,0
0,0 0,0 0,0 0,0 0,0 0,0 0,0 0,0 0,0 0,0 0,0 0,0 0,0 0,0 0,0 0,0 0,0 0,0 0,0 0,0 0,0 0,0 0,0 0,0 0,0 0,0 0,0 0,0 0,0 0,0 0,0 0,0
0,0 0,0 0,0 0,0 0,0 0,0 0,0 0,0 0,0 0,0 0,0 0,0 0,0 0,0 0,0 0,0 0,0 0,0 0,0 0,0 0,0 0,0 0,0 0,0 0,0 0,0 0,0 0,0 0,0 0,0 0,0 0,0