0,0 0,0 0,0 0,0 0,0 0,0 0,0 0,0 0,0 0,0 0,0 0,0 0,0 0,0 0,0 0,0 0,0 0,0 0,0 0,0 0,0 0,0 0,0 0,0 0,0 0,0 0,0 0,0 0,0 0,0 0,0 0,0
0,0 0,0 0,0 0,0 0,0 0,0 0,0 0,0 0,0 0,0 0,0 0,0 0,0 0,0 0,0 0,0 0,0 0,0 0,0 0,0 0,0 0,0 0,0 0,0 0,0 0,0 0,0 0,0 0,0 0,0 0,0 0,0
0,0 0,0 0,0 0,0 0,0 3,2 3,2 3,2 3,2 3,2 3,2 3,2 3,2 3,2 3,2 3,2 3,2 3,2 3,2 3,2 3,2 3,2 3,2 3,2 3,2 3,2 3,2 0,0 0,0 0,0 0,0 0,0
0,0 0,0 0,0 0,0 3,2 3,2 3,3 3,3 14,2 15,2 3,3 3,3 3,4 4,4 3,3 4,1 3,3 3,3 0,3 3,3 3,3 3,3 3,3 3,3 3,3 3,3 3,2 0,0 0,0 0,0 0,0 0,0
0,0 0,0 0,0 0,0 3,2 3,3 x,x x,x x,x x,x x,x x,x 3,5 4,5 x,x x,x x,x 14,1 x,x x,x x,x x,x x,x x,x x,x x,x 3,2 0,0 0,0 0,0 0,0 0,0
0,0 0,0 0,0 0,0 3,2 x,x x,x x,x x,x x,x x,x x,x x,x 21,1 x,x x,x x,x 14,1 x,x x,x x,x x,x x,x x,x x,x x,x 3,2 0,0 0,0 0,0 0,0 0,0
0,0 0,0 0,0 0,0 3,2 x,x 1,1 x,x x,x 12,3 12,3 13,3 13,3 13,3 4,3 x,x 14,1 14,1 22,1 22,1 22,1 x,x x,x x,x x,x x,x 3,2 0,0 0,0 0,0 0,0 0,0
0,0 0,0 0,0 0,0 3,2 x,x x,x x,x x,x x,x x,x 14,1 x,x x,x 4,3 x,x 4,3 x,x x,x x,x 22,1 x,x x,x x,x x,x x,x 3,2 0,0 0,0 0,0 0,0 0,0
0,0 0,0 0,0 0,0 3,2 x,x x,x x,x x,x 12,3 x,x 5,2 5,2 x,x 4,3 x,x 4,3 x,x 12,3 x,x 14,1 x,x x,x x,x 8,3 7,3 3,2 0,0 0,0 0,0 0,0 0,0
0,0 0,0 0,0 0,0 3,2 4,3 4,3 x,x x,x 12,3 x,x 5,2 x,x x,x x,x x,x 4,3 x,x 12,3 x,x 12,3 x,x x,x x,x 6,2 x,x 3,2 0,0 0,0 0,0 0,0 0,0
0,0 0,0 0,0 0,0 3,2 4,3 4,3 x,x 17,1 12,3 x,x 5,2 5,2 5,2 5,2 5,0 4,3 x,x 12,3 x,x 12,3 x,x x,x x,x 6,3 x,x 3,2 0,0 0,0 0,0 0,0 0,0
0,0 0,0 0,0 0,0 3,2 4,3 4,3 x,x x,x 22,1 x,x 6,0 6,0 x,x 4,3 5,0 x,x x,x 12,3 x,x 12,3 x,x x,x x,x x,x x,x 3,2 0,0 0,0 0,0 0,0 0,0
0,0 0,0 0,0 0,0 3,2 x,x x,x x,x x,x 12,3 12,3 12,3 12,3 x,x 4,3 22,1 4,3 4,3 4,3 x,x 12,3 x,x x,x x,x x,x x,x 3,2 0,0 0,0 0,0 0,0 0,0
0,0 0,0 0,0 0,0 3,2 x,x x,x x,x x,x 12,3 x,x x,x x,x x,x 21,1 x,x x,x x,x 5,0 x,x 12,3 x,x x,x x,x x,x 10,2 3,2 0,0 0,0 0,0 0,0 0,0
0,0 0,0 0,0 0,0 3,2 x,x x,x x,x x,x 12,3 x,x 4,3 4,3 4,3 4,3 x,x 5,4 4,3 4,3 x,x 12,3 x,x x,x x,x x,x x,x 3,2 0,0 0,0 0,0 0,0 0,0
0,0 0,0 0,0 0,0 3,2 x,x x,x x,x x,x 22,1 x,x x,x x,x x,x x,x x,x 5,5 x,x x,x x,x 12,3 x,x x,x x,x x,x x,x 3,2 0,0 0,0 0,0 0,0 0,0
0,0 0,0 0,0 0,0 3,2 x,x x,x x,x x,x 14,1 12,3 12,3 12,3 14,1 22,1 22,1 12,3 12,3 12,3 12,3 12,3 x,x 4,3 4,3 4,3 4,3 3,2 0,0 0,0 0,0 0,0 0,0
0,0 0,0 0,0 0,0 3,2 3,2 x,x 10,2 x,x x,x x,x x,x x,x x,x x,x x,x x,x x,x x,x x,x x,x x,x 4,3 4,3 4,3 4,3 3,2 0,0 0,0 0,0 0,0 0,0
0,0 0,0 0,0 0,0 3,3 3,2 3,2 3,2 3,2 3,2 3,2 3,2 3,2 3,2 3,2 3,2 3,2 3,2 3,2 3,2 3,2 3,2 3,2 3,2 3,2 3,2 3,2 0,0 0,0 0,0 0,0 0,0
0,0 0,0 0,0 0,0 0,0 3,3 3,3 3,3 3,3 3,3 3,3 3,3 3,3 3,3 3,3 3,3 3,3 3,3 3,3 3,3 3,3 3,3 3,3 3,3 3,3 3,3 3,3 0,0 0,0 0,0 0,0 0,0
0,0 0,0 0,0 0,0 0,0 0,0 0,0 0,0 0,0 0,0 0,0 0,0 0,0 0,0 0,0 0,0 0,0 0,0 0,0 0,0 0,0 0,0 0,0 0,0 0,0 0,0 0,0 0,0 0,0 0,0 0,0 0,0
0,0 0,0 0,0 0,0 0,0 0,0 0,0 0,0 0,0 0,0 0,0 0,0 0,0 0,0 0,0 0,0 0,0 0,0 0,0 0,0 0,0 0,0 0,0 0,0 0,0 0,0 0,0 0,0 0,0 0,0 0,0 0,0
0,0 0,0 0,0 0,0 0,0 0,0 0,0 0,0 0,0 0,0 0,0 0,0 0,0 0,0 0,0 0,0 0,0 0,0 0,0 0,0 0,0 0,0 0,0 0,0 0,0 0,0 0,0 0,0 0,0 0,0 0,0 0,0
0,0 0,0 0,0 0,0 0,0 0,0 0,0 0,0 0,0 0,0 0,0 0,0 0,0 0,0 0,0 0,0 0,0 0,0 0,0 0,0 0,0 0,0 0,0 0,0 0,0 0,0 0,0 0,0 0,0 0,0 0,0 0,0