0,0 0,0 0,0 0,0 0,0 0,0 0,0 0,0 0,0 0,0 0,0 0,0 0,0 0,0 0,0 0,0 0,0 0,0 0,0 0,0 0,0 0,0 0,0 0,0 0,0 0,0 0,0 0,0 0,0 0,0 0,0 0,0
0,0 0,0 0,0 0,0 0,0 0,0 0,0 0,0 0,0 0,0 0,0 0,0 0,0 0,0 0,0 0,0 0,0 0,0 0,0 0,0 0,0 0,0 0,0 0,0 0,0 0,0 0,0 0,0 0,0 0,0 0,0 0,0
0,0 0,0 0,0 0,0 0,0 3,2 3,2 3,2 3,2 3,2 3,2 3,2 3,2 3,2 3,2 3,2 3,2 3,2 3,2 3,2 3,2 3,2 3,2 3,2 3,2 3,2 3,2 0,0 0,0 0,0 0,0 0,0
0,0 0,0 0,0 0,0 0,0 3,2 3,3 3,3 3,3 3,3 14,2 15,2 3,3 1,4 2,4 3,3 3,3 10,4 11,4 3,3 3,3 3,3 3,3 3,3 3,3 3,3 3,2 3,2 3,2 0,0 0,0 0,0
0,0 0,0 0,0 0,0 0,0 3,2 x,x x,x 14,3 x,x x,x x,x x,x 1,5 2,5 x,x x,x 10,5 11,5 x,x x,x 17,1 x,x x,x x,x x,x 3,3 3,3 3,2 0,0 0,0 0,0
0,0 0,0 0,0 0,0 0,0 3,2 x,x x,x x,x x,x x,x x,x x,x x,x x,x x,x x,x x,x x,x x,x x,x x,x x,x 15,3 16,3 x,x x,x x,x 3,2 0,0 0,0 0,0
0,0 0,0 0,0 0,0 0,0 3,2 x,x x,x x,x x,x x,x x,x x,x x,x x,x x,x x,x x,x x,x x,x x,x 14,3 x,x 15,4 16,4 x,x 4,2 x,x 3,2 0,0 0,0 0,0
0,0 0,0 0,0 0,0 0,0 3,2 21,1 x,x x,x x,x x,x x,x x,x x,x x,x x,x 10,1 x,x x,x x,x x,x x,x x,x 15,5 16,5 x,x x,x x,x 3,2 0,0 0,0 0,0
0,0 0,0 0,0 0,0 0,0 3,2 21,1 x,x 16,1 x,x x,x x,x x,x x,x x,x 7,0 8,0 9,0 x,x x,x x,x x,x x,x x,x x,x x,x x,x x,x 3,2 0,0 0,0 0,0
0,0 0,0 0,0 0,0 0,0 6,1 21,1 x,x x,x 19,1 x,x x,x x,x x,x x,x 10,0 11,0 12,0 x,x x,x x,x x,x x,x x,x x,x x,x x,x x,x 3,2 0,0 0,0 0,0
0,0 0,0 0,0 0,0 0,0 3,2 21,1 x,x 20,1 x,x x,x x,x x,x x,x x,x 13,0 14,0 15,0 x,x x,x x,x x,x x,x x,x x,x x,x x,x x,x 3,2 0,0 0,0 0,0
0,0 0,0 0,0 0,0 0,0 3,2 21,1 x,x x,x x,x x,x x,x x,x x,x x,x x,x x,x x,x x,x x,x x,x x,x x,x x,x x,x x,x 4,3 4,3 3,2 0,0 0,0 0,0
0,0 0,0 0,0 0,0 0,0 3,2 x,x x,x x,x x,x x,x x,x x,x x,x x,x x,x x,x x,x x,x x,x x,x x,x x,x 9,3 x,x x,x 4,3 4,3 3,2 0,0 0,0 0,0
0,0 0,0 0,0 0,0 0,0 3,2 x,x 5,4 6,4 x,x x,x x,x x,x x,x x,x x,x x,x x,x x,x x,x x,x x,x x,x x,x x,x x,x x,x x,x 3,2 0,0 0,0 0,0
0,0 0,0 0,0 0,0 0,0 3,2 x,x 5,5 6,5 12,2 13,2 x,x x,x x,x x,x x,x x,x x,x x,x 8,3 7,3 x,x x,x x,x x,x x,x 3,2 3,2 3,2 0,0 0,0 0,0
0,0 0,0 0,0 0,0 0,0 3,2 3,2 3,2 3,2 3,2 3,2 3,2 3,2 3,2 3,2 3,2 x,x 3,2 3,2 3,2 3,2 3,2 3,2 3,2 3,2 3,2 3,2 3,3 3,3 0,0 0,0 0,0
0,0 0,0 0,0 0,0 0,0 3,3 3,3 3,3 3,3 3,3 3,3 3,3 3,3 3,3 3,3 3,3 4,1 3,3 3,3 3,3 3,3 3,3 3,3 3,3 3,3 3,3 3,3 0,0 0,0 0,0 0,0 0,0
0,0 0,0 0,0 0,0 0,0 0,0 0,0 0,0 0,0 0,0 0,0 0,0 0,0 0,0 0,0 0,0 0,0 0,0 0,0 0,0 0,0 0,0 0,0 0,0 0,0 0,0 0,0 0,0 0,0 0,0 0,0 0,0
0,0 0,0 0,0 0,0 0,0 0,0 0,0 0,0 0,0 0,0 0,0 0,0 0,0 0,0 0,0 0,0 0,0 0,0 0,0 0,0 0,0 0,0 0,0 0,0 0,0 0,0 0,0 0,0 0,0 0,0 0,0 0,0
0,0 0,0 0,0 0,0 0,0 0,0 0,0 0,0 0,0 0,0 0,0 0,0 0,0 0,0 0,0 0,0 0,0 0,0 0,0 0,0 0,0 0,0 0,0 0,0 0,0 0,0 0,0 0,0 0,0 0,0 0,0 0,0
0,0 0,0 0,0 0,0 0,0 0,0 0,0 0,0 0,0 0,0 0,0 0,0 0,0 0,0 0,0 0,0 0,0 0,0 0,0 0,0 0,0 0,0 0,0 0,0 0,0 0,0 0,0 0,0 0,0 0,0 0,0 0,0
0,0 0,0 0,0 0,0 0,0 0,0 0,0 0,0 0,0 0,0 0,0 0,0 0,0 0,0 0,0 0,0 0,0 0,0 0,0 0,0 0,0 0,0 0,0 0,0 0,0 0,0 0,0 0,0 0,0 0,0 0,0 0,0
0,0 0,0 0,0 0,0 0,0 0,0 0,0 0,0 0,0 0,0 0,0 0,0 0,0 0,0 0,0 0,0 0,0 0,0 0,0 0,0 0,0 0,0 0,0 0,0 0,0 0,0 0,0 0,0 0,0 0,0 0,0 0,0
0,0 0,0 0,0 0,0 0,0 0,0 0,0 0,0 0,0 0,0 0,0 0,0 0,0 0,0 0,0 0,0 0,0 0,0 0,0 0,0 0,0 0,0 0,0 0,0 0,0 0,0 0,0 0,0 0,0 0,0 0,0 0,0